2
2 6 3 100 1000000 2.000000
3 7 3 100 1000000 2.000000
4 8 3 100 1000000 2.000000
5 9 3 100 1000000 2.000000
2 6 3 100 1000000 2.000001
3 7 3 100 1000000 2.000001
4 8 3 100 1000000 2.000001
5 9 3 100 1000000 2.000001
2 6 3 100 1000000 2.000002
3 7 3 100 1000000 2.000002
4 8 3 100 1000000 2.000002
5 9 3 100 1000000 2.000002
2 6 3 100 1000000 2.000003
3 7 3 100 1000000 2.000003
4 8 3 100 1000000 2.000003
5 9 3 100 1000000 2.000003
2 6 3 100 1000000 2.000004
3 7 3 100 1000000 2.000004
4 8 3 100 1000000 2.000004
5 9 3 100 1000000 2.000004
2 6 3 100 1000000 2.000005
3 7 3 100 1000000 2.000005
4 8 3 100 1000000 2.000005
5 9 3 100 1000000 2.000005
2 6 3 100 1000000 2.000006
3 7 3 100 1000000 2.000006
4 8 3 100 1000000 2.000006
5 9 3 100 1000000 2.000006
2 6 3 100 1000000 2.000007
3 7 3 100 1000000 2.000007
4 8 3 100 1000000 2.000007
5 9 3 100 1000000 2.000007
2 6 3 100 1000000 2.000008
3 7 3 100 1000000 2.000008
4 8 3 100 1000000 2.000008
5 9 3 100 1000000 2.000008
2 6 3 100 1000000 2.000009
3 7 3 100 1000000 2.000009
4 8 3 100 1000000 2.000009
5 9 3 100 1000000 2.000009

First line: # of flows
src0 dst0 3 dst_port0 size0 start_time0
src1 dst1 3 dst_port1 size1 start_time1
...
